159 403 -601 -342 -353 -223 310 104 | -321 666 -807 918 316 243 -367 -367 | 353 122 398 134 -435 4 685 -241 | -716 122 669 232 60 -700 -4 987 | 471 469 -54 911 -636 539 168 -831 | 533 526 327 -79 -125 -692 414 -6 | -859 10 -588 560 -100 29 -632 746
650 232 147 267 | -337 -678 212 116 | -337 -122 -614 80 | -588 -682 554 -99 | -705 -638 -463 -977 | 186 -412 -402 770 | -587 -806 565 -357 | 609 -489 -591 -295 | -589 -736 -239 881 | 67 374 -757 -496
0 -681 852 803 515 974 852 211 -886 -423 933 487 151 698 516 | 240 -947 643 -566 368 859 -943 610 -768 -949 414 -492 -996 475 799 | -816 -121 994 -132 -182 668 815 -504 -460 307 -180 -917 811 327 153 | -519 -996 -13 528 -377 -101 -44 -334 -458 -447 -593 -186 881 -461 -463 | -245 87 724 326 -209 -522 209 14 640 -303 98 996 -739 -578 611 | -890 588 26 -733 695 -21 -630 -73 297 649 -457 477 -206 236 538 | 680 105 420 208 -84 389 -150 706 310 -356 -995 -178 -599 -601 569 | 55 887 99 973 866 -889 196 -263 -109 -590 404 436 963 29 985 | 259 -726 -812 888 -962 557 505 -709 522 -690 924 -138 170 -850 929
690 -480 599 -489 760 | -304 670 594 -15 492
298 344 116 -464 -699 648 370 | -517 -196 55 -746 -272 20 479 | -332 953 905 -963 -637 339 -902 | -822 -684 -35 702 -470 -30 -575 | -631 -639 -531 551 846 -874 -653 | 81 50 123 -553 -756 193 556 | -376 -163 524 -295 331 -988 -325 | 290 773 -447 -907 372 787 -902 | 918 543 161 877 -457 -194 921 | 98 -149 747 832 -163 669 661
-803 604 88 941 272 -73 -633 955 -192 -393 937 | -826 -413 676 -784 363 -360 -550 71 211 -171 -273
-146 -187 498 918 -510 590 197 -1 | -535 416 -776 -862 162 -499 -394 -31 | -285 297 898 96 -407 -543 584 -68 | 270 871 657 -362 -701 361 -76 8 | 385 -310 -396 415 -333 -543 -300 -668 | -971 491 -900 198 -314 680 943 -966 | 460 -935 -497 -670 -411 -451 -145 -862 | 438 950 -813 441 -623 -515 -960 237
-487 533 893 322 120 815 -295 -773 463 509 -23 992 -784 -591 -816 221 -548 -70 231 133 | 937 -837 329 240 800 -111 871 772 -502 -242 225 -396 646 351 0 956 521 695 -530 125 | 705 406 -998 -778 125 -710 -379 691 783 150 -749 -556 578 326 172 375 701 -902 -858 -350
998 510 444 636 752 -877 384 518 -679 -663 -987 -630 -52 -91 540 | 968 -419 -45 -28 -290 294 -560 -594 -669 478 632 54 -822 269 927 | 36 -298 690 941 670 -148 927 -202 860 -333 -429 -373 212 767 827 | 96 -453 41 -770 -656 974 -362 628 60 -821 531 388 -187 414 -4
740 923 -576 -13 -466 965 -753 626 -185 -741 -901 381 788 -991 -893 | 213 892 363 -94 -76 -687 801 -846 186 986 -298 -902 -570 497 114 | -693 -489 -748 -848 389 468 -282 29 570 -661 -32 209 -750 -897 592
-844 -885 -518 499 -818 839 -530 338 643 -396 123 -524 -228 -185 -520 485 -328 -257 -266 | -366 904 -48 22 -185 -440 -688 -192 -968 -747 895 263 -338 -956 -684 -938 980 -793 679 | -624 -94 581 -495 -137 998 171 -749 -126 452 -593 142 -402 183 624 493 32 -331 159
-734 -631 917 -133 -282 685 235 | -524 -928 -224 -224 -38 236 912 | -393 947 302 -844 -701 -800 -966 | -615 -344 372 770 743 185 819 | -590 -478 -454 -331 -407 270 497 | 904 -553 74 792 -577 -294 166 | 758 -985 -349 -992 938 -996 832 | 582 339 -489 369 850 770 207 | 978 370 383 -364 850 49 299 | -233 -249 -26 379 258 -864 438
1 2 3 4 | 5 6 7 8 | 9 10 11 12 | 100 200 300 400
993 -490 91 898 | -491 -63 -659 152 | 495 289 606 126 | -715 -238 794 74 | 505 -982 -763 -71 | -936 -755 200 919 | -845 687 -477 483
-46 14 334 0 413 -161 279 -431 -347 -306 -368 -741 197 -368 339 304 385 -771 | 920 651 -245 -151 -400 -174 -323 873 -74 272 492 -34 -183 -559 -907 -490 668 43 | -28 277 -2 -830 940 878 886 863 -129 -625 -681 835 395 -6 12 -799 0 -923 | -624 26 558 -427 56 -654 -420 907 -622 471 -616 617 37 431 -569 737 -266 276 | 703 -638 440 -2 -57 294 -204 508 860 -969 -210 40 -949 -778 -495 -350 154 -939
602 -2 303 -24 -838 229 377 67 | 918 134 130 -749 100 819 688 -136 | -553 -131 899 496 -647 -478 -525 504 | -88 -302 882 180 -768 -9 -673 -309 | 515 491 954 -378 48 -589 541 -990 | 792 228 -444 728 -545 -698 369 467 | -847 -440 -38 -846 -850 627 250 -277 | -364 -767 -144 -998 532 387 45 795 | -811 -845 842 860 2 268 -552 -11
1 2 3 4 | 5 6 7 8 | 9 10 11 12
-627 116 -841 -196 -610 677 250 -417 -572 344 -511 305 -639 812 434 982 -733 | 140 -95 -525 80 -760 989 430 -571 597 -385 -487 378 898 191 -19 -481 445
-78 -865 481 -904 227 -931 82 -358 -876 259 | 230 203 100 -696 -475 196 -218 203 -974 148 | 776 -368 -187 864 -46 364 819 44 -880 -968 | 979 794 -27 -425 694 845 268 841 -293 490 | -969 437 -437 -172 -937 898 -950 -957 -168 -433 | 406 753 -607 -907 -619 208 821 -458 520 -438 | -939 -135 796 -94 -816 -288 -872 481 828 364 | 118 659 232 91 -787 752 551 -246 -558 -851 | -965 590 314 -11 -648 -609 822 212 405 -674 | 519 -92 119 456 547 910 955 178 -80 16
-983 230 -354 7 718 525 -349 45 -141 441 -438 -909 206 218 931 428 -5 -228 | -983 -840 -755 -779 739 971 149 690 935 -664 538 -150 966 -591 105 -55 885 -355 | 689 458 215 -11 923 -706 324 269 419 -387 -454 616 -102 867 -181 167 -831 -80 | 104 -884 -977 -898 -438 751 856 -23 -971 626 -365 176 356 -174 -37 -527 -957 723 | -883 626 -201 412 565 -511 412 598 782 -846 241 -759 -211 -673 -332 -992 706 450 | -803 -66 545 727 -194 -404 877 -919 701 -765 -809 -617 240 -752 -139 -943 271 -269 | 623 -306 596 967 -542 893 473 -390 -71 -228 409 270 -839 938 -705 667 924 217 | 770 684 -918 -681 -41 679 755 -344 181 624 -366 596 -852 69 645 -924 491 -176 | 393 431 848 886 385 599 -678 -829 400 39 -605 -106 148 -903 203 -701 -681 380
326 186 -248 128 -958 -509 252 753 361 -220 -32 | 483 -76 115 971 -682 -405 -191 561 387 703 -850 | 175 -311 -85 -390 908 914 259 -665 250 538 151 | -614 -302 -569 -454 -49 533 -357 294 -110 527 81 | 807 822 -646 -685 196 928 -71 671 -382 -460 -715 | -371 -944 960 270 342 -909 -61 -395 -356 85 587 | 12 243 -670 788 -634 -866 440 -338 615 -557 305 | -830 -98 -818 -311 503 -485 522 -932 -348 471 962 | -342 -91 157 -705 -88 525 934 -333 723 -13 625
238 -365 269 321 690 30 304 304 795 -44 256 | 363 -94 345 11 271 61 380 -515 846 667 24 | -658 -555 -861 801 588 201 247 56 283 850 880 | 568 -342 49 -867 -571 -264 -21 -783 -23 -494 682 | 441 547 -651 -121 -630 -776 242 937 -585 731 912 | 273 -846 41 -688 -352 -214 -31 -757 -625 514 -635 | -603 -421 893 -808 -42 462 -478 -874 339 564 -396 | -52 -372 260 702 -309 -945 66 -409 779 796 -881 | 661 -217 234 548 181 -921 278 865 818 -176 -362 | -439 -735 225 280 -292 -581 394 922 -458 382 376
933 -839 33 818 -277 303 507 319 699 -19 | 160 46 -748 -275 -246 -902 -510 -393 -253 746 | -197 401 -147 -169 -491 528 676 818 -352 -335 | 100 -468 424 344 -556 -162 -533 -617 531 -7 | 379 362 192 -984 -183 -192 -734 -589 -613 284 | -436 -7 -841 613 960 -676 853 586 -979 -60
-298 -13 768 -42 -596 449 53 -104 -486 | 526 845 660 -610 327 -847 446 814 846 | 209 -659 235 214 974 857 -762 154 240 | 445 -965 -776 -382 953 667 -590 487 653 | 123 443 516 226 99 -291 177 258 423 | -966 -289 -804 -617 690 -136 76 596 -154
-85 -744 -440 974 333 31 59 -517 911 -854 -476 -893 743 -218 -606 432 -175 -220 949 -969 | -685 -908 186 -549 -963 805 -902 626 200 -741 38 -196 198 -134 -637 -992 209 539 -277 382
144 -253 340 794 -309 30 266 -179 346 -767 -26 -738 785 782 597 452 435 -958 -833 8 | -276 381 445 -60 335 918 440 588 984 655 818 323 179 -544 665 4 371 -64 751 -996 | 436 -920 405 847 792 -262 879 -710 -513 -275 -695 238 419 -270 738 639 -103 -655 306 -912 | 67 -208 405 -971 -121 378 692 -741 101 -909 11 -412 208 935 548 -131 274 -241 58 -135 | 505 445 -914 984 705 -752 -759 669 -898 -111 188 -738 -603 587 697 -66 782 -763 -890 639 | 791 -476 506 -525 -764 662 -457 528 -705 -845 329 -277 154 -392 943 -798 337 -714 753 -658 | 308 785 925 193 -333 378 224 -133 701 385 -999 -899 -325 -982 555 -995 454 472 376 7 | 835 128 431 -27 717 -1000 -654 -813 -946 -766 -697 -236 292 756 -95 451 -3 -810 940 446 | -856 -792 208 -207 476 -13 768 564 562 928 759 -937 -683 -583 -535 -850 -547 -152 856 906
-327 791 316 858 -861 912 -371 -954 444 -126 -512 871 273 -848 45 | -544 -473 -293 -13 529 -287 -329 -27 269 444 -314 -854 73 -773 962 | 715 -222 598 717 377 763 -104 441 498 -787 667 395 567 -27 620 | 908 975 304 -466 710 690 -19 -241 625 543 302 632 -565 -818 771
130 -745 47 -593 417 -746 783 -49 -945 -683 -264 866 -453 -528 -511 865 | 464 763 -653 -577 -772 -263 -158 64 192 -160 -567 -141 -288 -325 844 485
-250 -731 -806 -658 202 531 -351 86 989 572 172 -703 -946 -53 828 -68 -335 | 265 -272 949 -267 645 54 791 -331 245 -375 319 937 -936 -37 799 -957 668 | -638 -808 846 202 -35 -786 907 -863 149 -718 248 -677 354 528 -438 96 972 | -411 -94 33 -552 860 724 -635 692 -926 787 -60 375 -567 -493 720 75 -950 | -399 -295 -156 -808 -24 -494 -724 -638 280 947 -698 817 566 132 512 -531 -471 | -878 -960 476 -59 -172 -635 -452 954 913 957 857 -177 -125 576 842 720 101 | -540 133 -848 169 -765 -538 -357 246 -12 -176 385 34 -587 342 -896 -196 -535
621 781 -646 -658 -529 316 -212 -565 -268 287 620 -507 48 389 -327 -25 -753 | -577 -157 621 -489 -868 -628 943 -262 433 -582 224 -643 494 -107 870 -22 -34 | -643 595 -507 673 301 270 -851 -686 58 -114 -214 -681 861 -231 -532 -795 -478 | 455 233 -569 -929 -975 -939 -769 666 -496 -951 839 -749 140 301 318 734 -184
807 557 -609 -606 -351 930 590 -157 -85 -304 1 -977 | -565 373 -103 550 100 624 -842 -762 367 -992 794 -82
506 726 912 -354 271 72 -87 461 808 445 654 705 327 593 -361 654 803 85 -925 -351 | 494 526 861 -347 -921 295 -220 462 353 989 -103 51 69 -411 54 -998 -538 -344 -73 73
-255 -270 63 307 -756 555 750 817 -960 788 -359 817 156 -168 -974 238 223 573 835 -75 | -914 -538 961 -815 -173 -37 299 358 -647 -374 146 597 48 649 -729 319 -527 -395 -928 -754 | -854 953 -266 -356 592 -168 -638 953 -849 -670 -122 -227 539 456 -623 648 295 -897 -286 -199 | -429 495 204 733 244 260 -382 -861 751 865 443 656 -552 443 -131 -843 -312 -609 -199 -881
-886 -166 307 -629 157 611 -868 -625 386 -11 -917 949 491 -873 389 | -100 622 -524 688 -12 606 534 -505 -780 -636 -909 426 480 -55 786 | 234 620 -231 -8 763 845 -936 757 -40 -925 209 431 513 -597 -729 | -743 535 -2 -203 -822 792 356 795 -390 341 -532 1 769 607 224 | 52 -422 443 -225 -775 -254 -68 624 142 487 407 -889 982 226 -894 | -240 -661 -6 -779 272 908 -880 651 824 -726 -512 170 -618 -697 -858
-796 237 786 -656 543 | 522 -324 460 -949 -336 | 424 607 -341 -911 833
948 -847 -269 618 231 -476 662 -80 687 -83 638 | -49 29 -238 -86 231 -799 169 935 -581 367 -888 | 213 691 -748 522 -582 749 755 46 -990 -916 35 | -805 -47 -906 156 -78 -410 451 516 -378 -964 226 | 37 -501 667 664 717 99 -325 -349 221 -463 454 | -195 -275 304 -51 289 315 323 997 -539 134 -426 | 299 89 -983 62 460 960 -400 -834 7 -504 -422 | -264 -160 -384 -881 -174 939 265 868 893 548 -36 | -557 -877 -793 945 303 803 582 575 201 945 -202 | 656 -631 898 613 487 -55 215 -68 121 -760 -728
107 104 818 -165 -772 130 617 330 866 693 935 -806 574 -916 | 86 649 707 -660 -641 -486 852 -754 -907 923 680 -22 -443 815 | 896 -879 -779 -937 -955 -393 -660 -710 -40 272 375 -759 978 846 | 879 859 -580 -51 -599 501 -604 825 -544 -868 637 -810 875 336
327 -525 -336 -498 -843 -797 -524 -860 -461 | -446 123 184 325 227 60 -477 -488 -888 | 231 -986 107 -565 -446 415 -421 -588 321 | -627 78 671 -317 837 783 -474 680 940 | 372 842 -56 390 -445 -835 -606 185 421
-892 542 -889 22 -915 -562 -417 -606 -648 -605 476 46 396 243 | 477 -773 938 -828 -913 -824 193 81 -261 323 641 -79 -349 409 | 686 220 147 -229 321 -691 -383 768 921 425 717 171 869 -604 | 865 238 609 717 9 -504 421 452 620 -97 -490 -852 -968 -592 | 343 210 -914 960 474 -398 -705 143 505 747 550 -548 401 -512 | 290 151 -412 -450 57 443 712 430 135 -210 887 326 -912 830 | 410 -257 683 553 -375 -428 -866 -211 666 892 727 -307 -743 -376
830 819 320 -739 -430 824 356 | 593 -104 55 -41 -281 99 -384 | -768 770 816 755 380 388 620